Mes,Cuota Mensual,Intereses,Deuda,Monto Restante
1,31799.27,12500.00,19299.27,4980700.73
2,31799.27,12451.75,19347.52,4961353.21
3,31799.27,12403.38,19395.89,4941957.32
4,31799.27,12354.89,19444.38,4922512.94
5,31799.27,12306.28,19492.99,4903019.95
6,31799.27,12257.55,19541.72,4883478.23
7,31799.27,12208.70,19590.58,4863887.66
8,31799.27,12159.72,19639.55,4844248.11
9,31799.27,12110.62,19688.65,4824559.46
10,31799.27,12061.40,19737.87,4804821.58
11,31799.27,12012.05,19787.22,4785034.37
12,31799.27,11962.59,19836.69,4765197.68
13,31799.27,11912.99,19886.28,4745311.40
14,31799.27,11863.28,19935.99,4725375.41
15,31799.27,11813.44,19985.83,4705389.58
16,31799.27,11763.47,20035.80,4685353.78
17,31799.27,11713.38,20085.89,4665267.89
18,31799.27,11663.17,20136.10,4645131.79
19,31799.27,11612.83,20186.44,4624945.35
20,31799.27,11562.36,20236.91,4604708.44
21,31799.27,11511.77,20287.50,4584420.94
22,31799.27,11461.05,20338.22,4564082.73
23,31799.27,11410.21,20389.06,4543693.66
24,31799.27,11359.23,20440.04,4523253.62
25,31799.27,11308.13,20491.14,4502762.49
26,31799.27,11256.91,20542.36,4482220.12
27,31799.27,11205.55,20593.72,4461626.40
28,31799.27,11154.07,20645.21,4440981.20
29,31799.27,11102.45,20696.82,4420284.38
30,31799.27,11050.71,20748.56,4399535.82
31,31799.27,10998.84,20800.43,4378735.39
32,31799.27,10946.84,20852.43,4357882.95
33,31799.27,10894.71,20904.56,4336978.39
34,31799.27,10842.45,20956.83,4316021.56
35,31799.27,10790.05,21009.22,4295012.35
36,31799.27,10737.53,21061.74,4273950.61
37,31799.27,10684.88,21114.39,4252836.21
38,31799.27,10632.09,21167.18,4231669.03
39,31799.27,10579.17,21220.10,4210448.93
40,31799.27,10526.12,21273.15,4189175.79
41,31799.27,10472.94,21326.33,4167849.45
42,31799.27,10419.62,21379.65,4146469.81
43,31799.27,10366.17,21433.10,4125036.71
44,31799.27,10312.59,21486.68,4103550.03
45,31799.27,10258.88,21540.40,4082009.63
46,31799.27,10205.02,21594.25,4060415.39
47,31799.27,10151.04,21648.23,4038767.15
48,31799.27,10096.92,21702.35,4017064.80
49,31799.27,10042.66,21756.61,3995308.19
50,31799.27,9988.27,21811.00,3973497.19
51,31799.27,9933.74,21865.53,3951631.66
52,31799.27,9879.08,21920.19,3929711.47
53,31799.27,9824.28,21974.99,3907736.48
54,31799.27,9769.34,22029.93,3885706.55
55,31799.27,9714.27,22085.00,3863621.54
56,31799.27,9659.05,22140.22,3841481.33
57,31799.27,9603.70,22195.57,3819285.76
58,31799.27,9548.21,22251.06,3797034.70
59,31799.27,9492.59,22306.68,3774728.02
60,31799.27,9436.82,22362.45,3752365.57
61,31799.27,9380.91,22418.36,3729947.21
62,31799.27,9324.87,22474.40,3707472.81
63,31799.27,9268.68,22530.59,3684942.22
64,31799.27,9212.36,22586.92,3662355.30
65,31799.27,9155.89,22643.38,3639711.92
66,31799.27,9099.28,22699.99,3617011.93
67,31799.27,9042.53,22756.74,3594255.19
68,31799.27,8985.64,22813.63,3571441.55
69,31799.27,8928.60,22870.67,3548570.89
70,31799.27,8871.43,22927.84,3525643.04
71,31799.27,8814.11,22985.16,3502657.88
72,31799.27,8756.64,23042.63,3479615.25
73,31799.27,8699.04,23100.23,3456515.02
74,31799.27,8641.29,23157.98,3433357.04
75,31799.27,8583.39,23215.88,3410141.16
76,31799.27,8525.35,23273.92,3386867.24
77,31799.27,8467.17,23332.10,3363535.14
78,31799.27,8408.84,23390.43,3340144.70
79,31799.27,8350.36,23448.91,3316695.79
80,31799.27,8291.74,23507.53,3293188.26
81,31799.27,8232.97,23566.30,3269621.96
82,31799.27,8174.05,23625.22,3245996.75
83,31799.27,8114.99,23684.28,3222312.47
84,31799.27,8055.78,23743.49,3198568.98
85,31799.27,7996.42,23802.85,3174766.13
86,31799.27,7936.92,23862.36,3150903.77
87,31799.27,7877.26,23922.01,3126981.76
88,31799.27,7817.45,23981.82,3102999.94
89,31799.27,7757.50,24041.77,3078958.17
90,31799.27,7697.40,24101.88,3054856.30
91,31799.27,7637.14,24162.13,3030694.17
92,31799.27,7576.74,24222.54,3006471.63
93,31799.27,7516.18,24283.09,2982188.54
94,31799.27,7455.47,24343.80,2957844.74
95,31799.27,7394.61,24404.66,2933440.08
96,31799.27,7333.60,24465.67,2908974.41
97,31799.27,7272.44,24526.84,2884447.57
98,31799.27,7211.12,24588.15,2859859.42
99,31799.27,7149.65,24649.62,2835209.80
100,31799.27,7088.02,24711.25,2810498.55
101,31799.27,7026.25,24773.02,2785725.53
102,31799.27,6964.31,24834.96,2760890.57
103,31799.27,6902.23,24897.04,2735993.53
104,31799.27,6839.98,24959.29,2711034.24
105,31799.27,6777.59,25021.69,2686012.55
106,31799.27,6715.03,25084.24,2660928.31
107,31799.27,6652.32,25146.95,2635781.36
108,31799.27,6589.45,25209.82,2610571.55
109,31799.27,6526.43,25272.84,2585298.70
110,31799.27,6463.25,25336.02,2559962.68
111,31799.27,6399.91,25399.36,2534563.31
112,31799.27,6336.41,25462.86,2509100.45
113,31799.27,6272.75,25526.52,2483573.93
114,31799.27,6208.93,25590.34,2457983.59
115,31799.27,6144.96,25654.31,2432329.28
116,31799.27,6080.82,25718.45,2406610.83
117,31799.27,6016.53,25782.74,2380828.09
118,31799.27,5952.07,25847.20,2354980.89
119,31799.27,5887.45,25911.82,2329069.07
120,31799.27,5822.67,25976.60,2303092.47
121,31799.27,5757.73,26041.54,2277050.93
122,31799.27,5692.63,26106.64,2250944.29
123,31799.27,5627.36,26171.91,2224772.38
124,31799.27,5561.93,26237.34,2198535.04
125,31799.27,5496.34,26302.93,2172232.11
126,31799.27,5430.58,26368.69,2145863.41
127,31799.27,5364.66,26434.61,2119428.80
128,31799.27,5298.57,26500.70,2092928.10
129,31799.27,5232.32,26566.95,2066361.15
130,31799.27,5165.90,26633.37,2039727.78
131,31799.27,5099.32,26699.95,2013027.83
132,31799.27,5032.57,26766.70,1986261.13
133,31799.27,4965.65,26833.62,1959427.51
134,31799.27,4898.57,26900.70,1932526.81
135,31799.27,4831.32,26967.95,1905558.86
136,31799.27,4763.90,27035.37,1878523.48
137,31799.27,4696.31,27102.96,1851420.52
138,31799.27,4628.55,27170.72,1824249.80
139,31799.27,4560.62,27238.65,1797011.15
140,31799.27,4492.53,27306.74,1769704.41
141,31799.27,4424.26,27375.01,1742329.40
142,31799.27,4355.82,27443.45,1714885.95
143,31799.27,4287.21,27512.06,1687373.90
144,31799.27,4218.43,27580.84,1659793.06
145,31799.27,4149.48,27649.79,1632143.27
146,31799.27,4080.36,27718.91,1604424.36
147,31799.27,4011.06,27788.21,1576636.15
148,31799.27,3941.59,27857.68,1548778.47
149,31799.27,3871.95,27927.32,1520851.14
150,31799.27,3802.13,27997.14,1492854.00
151,31799.27,3732.13,28067.14,1464786.86
152,31799.27,3661.97,28137.30,1436649.56
153,31799.27,3591.62,28207.65,1408441.91
154,31799.27,3521.10,28278.17,1380163.75
155,31799.27,3450.41,28348.86,1351814.88
156,31799.27,3379.54,28419.73,1323395.15
157,31799.27,3308.49,28490.78,1294904.37
158,31799.27,3237.26,28562.01,1266342.36
159,31799.27,3165.86,28633.42,1237708.94
160,31799.27,3094.27,28705.00,1209003.94
161,31799.27,3022.51,28776.76,1180227.18
162,31799.27,2950.57,28848.70,1151378.48
163,31799.27,2878.45,28920.82,1122457.65
164,31799.27,2806.14,28993.13,1093464.53
165,31799.27,2733.66,29065.61,1064398.92
166,31799.27,2661.00,29138.27,1035260.64
167,31799.27,2588.15,29211.12,1006049.52
168,31799.27,2515.12,29284.15,976765.38
169,31799.27,2441.91,29357.36,947408.02
170,31799.27,2368.52,29430.75,917977.27
171,31799.27,2294.94,29504.33,888472.94
172,31799.27,2221.18,29578.09,858894.85
173,31799.27,2147.24,29652.03,829242.82
174,31799.27,2073.11,29726.16,799516.65
175,31799.27,1998.79,29800.48,769716.17
176,31799.27,1924.29,29874.98,739841.19
177,31799.27,1849.60,29949.67,709891.52
178,31799.27,1774.73,30024.54,679866.98
179,31799.27,1699.67,30099.60,649767.38
180,31799.27,1624.42,30174.85,619592.53
181,31799.27,1548.98,30250.29,589342.24
182,31799.27,1473.36,30325.92,559016.32
183,31799.27,1397.54,30401.73,528614.59
184,31799.27,1321.54,30477.73,498136.86
185,31799.27,1245.34,30553.93,467582.93
186,31799.27,1168.96,30630.31,436952.61
187,31799.27,1092.38,30706.89,406245.72
188,31799.27,1015.61,30783.66,375462.07
189,31799.27,938.66,30860.62,344601.45
190,31799.27,861.50,30937.77,313663.68
191,31799.27,784.16,31015.11,282648.57
192,31799.27,706.62,31092.65,251555.92
193,31799.27,628.89,31170.38,220385.54
194,31799.27,550.96,31248.31,189137.23
195,31799.27,472.84,31326.43,157810.80
196,31799.27,394.53,31404.74,126406.06
197,31799.27,316.02,31483.26,94922.80
198,31799.27,237.31,31561.96,63360.84
199,31799.27,158.40,31640.87,31719.97
200,31799.27,79.30,31719.97,-0.00
